0 0 0
1 1 1
3 1 1
5 2 2
7 4 4
9 5 5
7 6 6
7 7 7
8 8 8
8 8 8
10 10 10
10 10 10
11 11 11
13 13 13
14 14 14
15 15 15
16 16 16
17 17 17
18 18 18
18 18 18
20 20 20
21 21 21
22 22 22
23 22 23
24 23 24
25 23 25
27 24 26
27 25 26
28 26 28
29 28 29
31 29 29
31 30 30
33 31 32
34 32 33
35 32 34
36 33 35
37 34 36
38 35 37
38 36 38
38 37 39
39 38 40
40 39 41
41 40 42
44 41 43
45 43 44
45 44 45
46 45 46
47 45 46
48 46 47
50 48 48
50 49 50
51 50 51
52 51 52
53 52 53
54 52 54
55 54 55
56 55 56
57 55 57
58 56 58
59 57 59
60 58 60
61 60 61
62 61 62
63 61 63
64 62 64
65 63 65
66 66 66
68 66 66
68 67 68
69 67 69
71 68 69
72 70 70
73 71 71
74 72 72
75 73 73
76 74 74
77 75 75
78 76 76
78 77 78
79 79 79
80 80 78
81 81 79
82 82 80
83 83 82
84 84 82
85 85 84
86 86 85
87 87 86
88 88 87
89 89 88
92 90 89
93 91 90
93 92 91
94 93 92
96 93 93
97 94 94
98 96 95
99 97 96
100 98 97
100 99 98
102 101 98
102 102 99
103 103 100
104 104 101
105 104 102
106 105 103
107 106 104
108 108 105
109 109 106
110 109 106
111 111 107
112 112 108
113 113 109
114 113 110
115 114 111
116 116 112
117 117 113
118 118 114
119 120 115
121 121 116
122 122 117
123 123 118
124 123 119
126 124 120
126 125 121
127 127 122
128 129 123
129 130 124
130 130 125
131 131 126
132 132 127
133 133 128
134 134 129
135 135 129
136 136 130
137 137 131
137 138 132
140 139 134
141 140 134
141 141 135
143 142 136
143 144 137
144 145 138
145 147 139
147 147 140
148 148 141
149 150 142
150 151 143
151 152 144
152 153 145
154 154 146
155 155 147
156 156 148
157 157 147
158 158 148
159 160 149
160 161 150
160 162 152
162 163 153
163 163 154
164 164 155
165 165 156
166 167 157
167 168 158
168 169 159
169 170 160
170 171 161
171 172 162
172 173 163
173 174 164
174 175 165
175 177 166
176 178 167
177 179 167
179 180 168
180 182 168
181 183 169
182 184 171
183 185 172
184 186 173
185 187 173
186 188 174
187 189 175
188 190 176
189 193 177
190 194 177
191 195 178
192 195 179
193 196 180
194 197 181
195 198 182
196 199 183
197 200 184
198 201 185
199 202 186
200 203 187
201 204 188
204 205 190
204 206 190
204 207 191
207 208 192
206 210 193
207 211 194
209 212 195
210 214 195
211 215 196
212 216 197
213 217 197
214 218 198
218 219 200
219 220 201
218 222 202
220 224 203
221 225 204
223 225 205
221 228 204
222 229 205
224 229 207
225 230 208
226 231 209
227 233 210
228 234 211
229 235 212
230 235 213
231 236 214
232 237 215
233 238 216
233 239 217
234 240 218
235 241 219
237 243 220
239 244 220
240 245 222
241 246 221
243 247 222
244 248 224
244 249 225
246 251 226
247 252 227
247 253 227
247 254 229
248 255 229
249 255 230
250 259 229
252 258 230
254 258 230
255 255 232
254 255 233
255 255 234
255 255 235
254 254 237
254 255 238
254 255 239
255 255 239
255 255 240
255 255 241
