25.45	255 	255 	242 
25.45	255 	255 	241 
25.44	255 	255 	240 
25.44	255 	255 	239 
25.44	255 	255 	238 
25.43	255 	255 	237 
25.43	255 	255 	237 
25.42	255 	255 	236 
25.42	255 	255 	235 
25.42	255 	255 	234 
25.41	255 	249 	238 
25.41	255 	248 	237 
25.41	255 	247 	236 
25.4	251 	255 	230 
25.4	250 	255 	229 
25.39	249 	255 	229 
25.39	248 	254 	228 
25.39	246 	253 	227 
25.38	245 	252 	226 
25.38	244 	251 	225 
25.37	243 	249 	224 
25.37	242 	248 	224 
25.37	241 	247 	223 
25.36	240 	246 	222 
25.36	239 	244 	221 
25.36	238 	243 	220 
25.35	237 	242 	219 
25.35	236 	241 	218 
25.34	235 	240 	217 
25.34	234 	239 	216 
25.34	233 	238 	215 
25.33	232 	237 	214 
25.33	231 	236 	213 
25.32	230 	234 	212 
25.32	229 	233 	211 
25.32	228 	232 	210 
25.31	227 	232 	209 
25.31	226 	231 	208 
25.31	225 	230 	207 
25.3	224 	228 	207 
25.3	223 	227 	206 
25.29	220 	226 	205 
25.29	219 	225 	204 
25.29	218 	224 	203 
25.28	217 	223 	202 
25.28	216 	222 	201 
25.27	215 	220 	200 
25.27	214 	219 	200 
25.27	213 	218 	199 
25.26	212 	217 	198 
25.26	211 	216 	197 
25.25	210 	214 	196 
25.25	209 	213 	195 
25.25	208 	212 	194 
25.24	206 	211 	193 
25.24	205 	210 	193 
25.24	204 	209 	192 
25.23	203 	207 	191 
25.23	202 	206 	190 
25.22	201 	205 	189 
25.22	200 	204 	188 
25.22	199 	203 	187 
25.21	198 	202 	186 
25.21	197 	201 	185 
25.2	196 	200 	184 
25.2	195 	199 	183 
25.2	194 	198 	182 
25.19	193 	197 	181 
25.19	192 	196 	180 
25.19	191 	194 	179 
25.18	190 	193 	178 
25.18	189 	192 	177 
25.17	188 	191 	176 
25.17	187 	190 	175 
25.17	186 	189 	174 
25.16	185 	188 	174 
25.16	184 	187 	173 
25.15	183 	186 	172 
25.15	182 	185 	171 
25.15	180 	183 	170 
25.14	179 	182 	169 
25.14	178 	181 	168 
25.13	177 	180 	167 
25.13	176 	179 	167 
25.13	175 	178 	166 
25.12	174 	176 	165 
25.12	173 	175 	164 
25.12	172 	174 	163 
25.11	171 	173 	162 
25.11	170 	172 	161 
25.1	169 	171 	160 
25.1	168 	170 	159 
25.1	167 	169 	158 
25.09	166 	168 	157 
25.09	165 	166 	156 
25.08	164 	165 	155 
25.08	163 	164 	154 
25.08	162 	163 	153 
25.07	161 	162 	152 
25.07	159 	161 	152 
25.07	158 	160 	151 
25.06	157 	159 	150 
25.06	156 	158 	149 
25.05	155 	157 	148 
25.05	154 	156 	147 
25.05	153 	155 	146 
25.04	152 	153 	145 
25.04	151 	152 	144 
25.03	150 	151 	143 
25.03	149 	150 	142 
25.03	148 	149 	141 
25.02	147 	148 	140 
25.02	146 	147 	140 
25.02	145 	146 	139 
25.01	144 	145 	138 
25.01	142 	143 	137 
25	141 	142 	136 
25	140 	141 	135 
25	139 	140 	134 
24.99	138 	139 	133 
24.99	137 	138 	132 
24.98	136 	137 	131 
24.98	135 	136 	130 
24.98	134 	135 	129 
24.97	133 	134 	128 
24.97	132 	133 	127 
24.96	131 	132 	126 
24.96	130 	131 	125 
24.96	129 	130 	124 
24.95	128 	129 	123 
24.95	127 	128 	122 
24.95	126 	127 	121 
24.94	125 	125 	121 
24.94	124 	124 	120 
24.93	123 	123 	119 
24.93	122 	122 	118 
24.93	121 	121 	117 
24.92	120 	120 	116 
24.92	119 	119 	115 
24.91	118 	118 	114 
24.91	117 	117 	113 
24.91	116 	116 	112 
24.9	115 	115 	111 
24.9	114 	114 	110 
24.9	113 	112 	109 
24.89	112 	111 	108 
24.89	111 	110 	107 
24.88	110 	109 	107 
24.88	109 	108 	106 
24.88	108 	107 	105 
24.87	107 	106 	104 
24.87	106 	105 	103 
24.86	105 	104 	102 
24.86	104 	103 	101 
24.86	103 	102 	100 
24.85	101 	101 	99 
24.85	101 	100 	98 
24.85	99 	99 	97 
24.84	98 	98 	96 
24.84	97 	97 	95 
24.83	96 	96 	94 
24.83	95 	95 	93 
24.83	94 	93 	92 
24.82	93 	92 	91 
24.82	92 	91 	90 
24.81	91 	90 	89 
24.81	90 	89 	88 
24.81	89 	88 	87 
24.8	88 	87 	86 
24.8	87 	86 	85 
24.79	86 	85 	84 
24.79	85 	84 	84 
24.79	84 	83 	82 
24.78	83 	82 	82 
24.78	82 	81 	81 
24.78	81 	80 	80 
24.77	80 	79 	79 
24.77	79 	78 	78 
24.76	78 	77 	77 
24.76	77 	76 	76 
24.76	76 	75 	75 
24.75	75 	74 	74 
24.75	74 	73 	73 
24.74	73 	72 	72 
24.74	72 	71 	71 
24.74	71 	70 	70 
24.73	70 	69 	69 
24.73	69 	67 	68 
24.73	68 	66 	67 
24.72	67 	65 	66 
24.72	66 	64 	65 
24.71	65 	63 	64 
24.71	64 	62 	63 
24.71	63 	61 	62 
24.7	62 	60 	61 
24.7	61 	59 	60 
24.69	60 	58 	59 
24.69	59 	57 	58 
24.69	58 	56 	57 
24.68	57 	55 	56 
24.68	56 	54 	55 
24.67	55 	53 	54 
24.67	54 	52 	53 
24.67	53 	51 	52 
24.66	52 	50 	51 
24.66	51 	49 	50 
24.66	50 	48 	49 
24.65	49 	47 	48 
24.65	48 	46 	47 
24.64	47 	45 	46 
24.64	46 	44 	45 
24.64	44 	43 	44 
24.63	43 	42 	43 
24.63	42 	41 	42 
24.62	41 	40 	41 
24.62	40 	39 	40 
24.62	39 	38 	39 
24.61	38 	37 	38 
24.61	37 	36 	37 
24.61	36 	35 	36 
24.6	35 	34 	35 
24.6	34 	33 	34 
24.59	33 	32 	33 
24.59	32 	31 	32 
24.59	32 	30 	31 
24.58	30 	29 	30 
24.58	30 	28 	29 
24.57	29 	28 	28 
24.57	27 	27 	27 
24.57	26 	26 	26 
24.56	25 	25 	25 
24.56	24 	24 	24 
24.56	23 	23 	23 
24.55	22 	22 	22 
24.55	21 	21 	21 
24.54	20 	20 	20 
24.54	19 	19 	19 
24.54	18 	18 	18 
24.53	17 	17 	17 
24.53	16 	16 	16 
24.52	15 	15 	15 
24.52	14 	14 	14 
24.52	13 	13 	13 
24.51	12 	12 	12 
24.51	11 	11 	11 
24.5	10 	10 	10 
24.5	9 	9 	9 
24.5	8 	8 	8 
24.49	7 	7 	7 
24.49	6 	6 	6 
24.49	5 	5 	5 
24.48	4 	4 	4 
24.48	3 	3 	3 
24.47	2	2 	2 
24.47	1	1 	1 
24.47	0 	0 	0 
